4 5
0.000000 0.000000
1.186328 1.963130
1.958594 0.073739
2.958594 0.073739
3.523829 0.000000
5.000000 0.000000
6.000000 0.000000
7.000000 0.000000
8.558984 0.000000
9.558984 0.000000
11.221484 1.152000
15.596091 0.119654
16.989450 0.000000
18.769886 0.000000
17.159367 0.092174
20.000000 0.000000
0.000000 0.000000
0.958594 0.000000
2.000000 0.000000
3.000000 0.000000
4.041406 0.313391
4.544530 0.645218
5.855078 0.000000
6.689453 0.018435
8.000000 0.000000
9.000000 0.000000
10.000000 0.000000
11.000000 0.000000
12.000000 0.000000
14.000000 0.000000
15.648046 -0.110609
20.000000 0.000000
0.000000 0.000000
1.000000 0.000000
2.000000 0.000000
3.000000 0.000000
4.000000 0.000000
4.958593 0.000000
5.958593 0.000000
7.103515 1.013913
8.538281 0.000000
9.289844 0.000000
10.289844 0.000000
10.958592 -0.811130
14.649999 0.000000
18.737108 0.645217
18.298048 0.202783
20.000000 0.000000
0.000000 0.000000
0.979297 1.981565
2.000000 0.000000
3.000000 0.000000
4.000000 0.000000
5.000000 0.000000
6.000000 0.000000
6.979297 0.000000
7.461718 -0.497740
8.834375 -0.479304
9.834375 -0.479304
10.958593 -0.239652
11.958593 -0.239652
13.958592 0.000000
16.020704 -0.092174
19.917189 0.258087
